T-Statistic: -0.7463917427031926
P-Value: 0.4554521800582204
